- Train dataset: WISDM
  test_acc: 0.7046296000480652
  test_loss: 4.07266902923584
