- Train dataset: RealWorld_waist
  test_acc: 0.6666666865348816
  test_loss: 4.538896560668945
