- Train dataset: MotionSense
  test_acc: 0.7754902243614197
  test_loss: 5.316131114959717
