- Train dataset: RealWorld_thigh
  test_acc: 0.6124030947685242
  test_loss: 6.625039577484131
