- Train dataset: UCI
  test_acc: 0.7651515007019043
  test_loss: 5.035861492156982
