- Train dataset: KuHar
  test_acc: 0.90625
  test_loss: 0.9920157194137573
