- Train dataset: MotionSense
  test_acc: 0.912109375
  test_loss: 0.5072143077850342
