- Train dataset: MotionSense
  test_acc: 0.7470703125
  test_loss: 1.1903645992279053
