- Train dataset: MotionSense
  test_acc: 0.736328125
  test_loss: 1.9139324426651
