- Train dataset: RealWorld_waist
  test_acc: 0.599609375
  test_loss: 4.120190620422363
