- Train dataset: RealWorld_waist
  test_acc: 0.674609363079071
  test_loss: 2.5600085258483887
