- Train dataset: RealWorld_thigh
  test_acc: 0.600781261920929
  test_loss: 2.5044479370117188
