- Train dataset: UCI
  test_acc: 0.8031250238418579
  test_loss: 0.32118770480155945
