- Train dataset: UCI
  test_acc: 0.7984374761581421
  test_loss: 0.8508514165878296
