- Train dataset: UCI
  test_acc: 0.698437511920929
  test_loss: 2.720674514770508
