- Train dataset: UCI
  test_acc: 0.871874988079071
  test_loss: 0.7566331028938293
