- Train dataset: WISDM
  test_acc: 0.7696874737739563
  test_loss: 0.5930480360984802
