- Train dataset: WISDM
  test_acc: 0.7965624928474426
  test_loss: 1.0789027214050293
