- Train dataset: WISDM
  test_acc: 0.8565624952316284
  test_loss: 0.7693454027175903
